FID
1030271
1037363
1057416
1086531
1128073
1413667
1450185
1503804
1543894
1570060
1822193
1856594
1931932
2062372
2084001
2156915
2171897
2441953
2470271
2552941
2801319
2853204
2971583
3013130
3089729
3326546
3561117
3963822
4073062
4287564
4510295
4899010
5036987
5153486
5406966
5553318
1437665
1798988
2050515
2160205
4055621
1008326
1008332
1010131
1010365
1013341
1015436
1015665
1016499
1018111
1021850
1022799
1024789
1025188
1027561
1032470
1032675
1038809
1040869
1042653
1042749
1044172
1068387
1069518
1081552
1081804
1084429
1084495
1084876
1084887
1087546
1088153
1088234
1089005
1091952
1092198
1101375
1101702
1102772
1103397
1105164
1108962
1111270
1111397
1114026
1114252
1115330
1119591
1122643
1123494
1124303
1125425
1125743
1129329
1133691
1133822
1136422
1141616
1141815
1145323
1151266
1153882
1155845
1158302
1159469
1161837
1170420
1173648
1174737
1175747
1176851
1186172
1186563
1192857
1199327
1200771
1201892
1207043
1208482
1210204
1212596
1212869
1214537
1221118
1225049
1225954
1226265
1227817
1233341
1234023
1235119
1236202
1237304
1240243
1243480
1244923
1247898
1248044
1253896
1255168
1255635
1257172
1258828
1259606
1260206
1265000
1265364
1266009
1269841
1270010
1270732
1278008
1279261
1286578
1291080
1291897
1296146
1297675
1303336
1304953
1305093
1307694
1318377
1330130
1333412
1335478
1338397
1338777
1342437
1348226
1364797
1365143
1374901
1376050
1380408
1380680
1381758
1381921
1392286
1396608
1398197
1398857
1403811
1404641
1409915
1415873
1417299
1418782
1419254
1422842
1424725
1428150
1429768
1437369
1437583
1439840
1440929
1441533
1443950
1447667
1452850
1457306
1461224
1461595
1465138
1467162
1468907
1469897
1476459
1480273
1484080
1485957
1486078
1486112
1486914
1487176
1500851
1502121
1502482
1507647
1507740
1510620
1511716
1513383
1517424
1517877
1523340
1532545
1536111
1538428
1544598
1544984
1547963
1549367
1552547
1559059
1560132
1560759
1569545
1570097
1570625
1575212
1576288
1576587
1576784
1578942
1579151
1580404
1582708
1584288
1586932
1588259
1589421
1590813
1593061
1594438
1598483
1606493
1608241
1610775
1615792
1616006
1622752
1622858
1630023
1630833
1632800
1643553
1644132
1650516
1654952
1655659
1658938
1660512
1665967
1666322
1670271
1671049
1673126
1673352
1675775
1676058
1677214
1681295
1682594
1684947
1688776
1688906
1689900
1690954
1691435
1693555
1695844
1702478
1703318
1704747
1705640
1709451
1716190
1723346
1724979
1727095
1727771
1729197
1732875
1732992
1734316
1738386
1745604
1746545
1751072
1754214
1755925
1757261
1757408
1758355
1758706
1760905
1765556
1766740
1767628
1771718
1773831
1775238
1779853
1783266
1785899
1786075
1786872
1788937
1791777
1792636
1793946
1795543
1800372
1802828
1803692
1807534
1812394
1814496
1819870
1820038
1821201
1823655
1825583
1828372
1830045
1838770
1839318
1842825
1844252
1850161
1851833
1852929
1854735
1856661
1857627
1863101
1864825
1865824
1870931
1870966
1873081
1878134
1890289
1895073
1895100
1897366
1898509
1899520
1901619
1906919
1909331
1913462
1913822
1918002
1918759
1921715
1922533
1923132
1924046
1924949
1925297
1929322
1932211
1934464
1939319
1939478
1947182
1951408
1956029
1963965
1965640
1968841
1973814
1977352
1977898
1983138
1986652
1987338
1992646
1995017
2009644
2015176
2021589
2021814
2022515
2025878
2026828
2026869
2027749
2029587
2033608
2034887
2039336
2041343
2042189
2049588
2049725
2050278
2052771
2060267
2060982
2069013
2071714
2080040
2080621
2081522
2083355
2090616
2092585
2094601
2094992
2098182
2105663
2106304
2107103
2110865
2115245
2121443
2128698
2133824
2140064
2143554
2147332
2147795
2149103
2149467
2153469
2159214
2161082
2161770
2162564
2164339
2170382
2170738
2170824
2171420
2175442
2176882
2176903
2177760
2180875
2183717
2184556
2185662
2188448
2190550
2191274
2192544
2194768
2195925
2199872
2205799
2206598
2207633
2217509
2217649
2218252
2218738
2219317
2223872
2225292
2225569
2226294
2229652
2237663
2241231
2241938
2245571
2248384
2249428
2249708
2253614
2253673
2261865
2262825
2266024
2266876
2267005
2272004
2281274
2281915
2289799
2294378
2297115
2300665
2303325
2307372
2314105
2322335
2324727
2325148
2325452
2330388
2335578
2335673
2336743
2337680
2337710
2338247
2338475
2339421
2344585
2347053
2350593
2351792
2356809
2357909
2362592
2363458
2364736
2367682
2368531
2372279
2373887
2375823
2377755
2377854
2380547
2380957
2382317
2382976
2394016
2396670
2396976
2397321
2400562
2400940
2401881
2403276
2408517
2411477
2414020
2414059
2416620
2416895
2426351
2428106
2430375
2434281
2434459
2434860
2437593
2439779
2443236
2445536
2449801
2450423
2450776
2451278
2452721
2455374
2456008
2458759
2467009
2475732
2476058
2478131
2478564
2479020
2482196
2483662
2494735
2494834
2499426
2515887
2518133
2522731
2522829
2522922
2528629
2530353
2539769
2543243
2545916
2547005
2558498
2560229
2560827
2566038
2567374
2567895
2574301
2575288
2577406
2581207
2581496
2584181
2584448
2586043
2587607
2589617
2598785
2603648
2604460
2606134
2608525
2608542
2613080
2614247
2615243
2616621
2620808
2623041
2624494
2626019
2630812
2634498
2641742
2646731
2647755
2650754
2652668
2653195
2660611
2662206
2662214
2662251
2663431
2665907
2666432
2669624
2669655
2671576
2671859
2674055
2675347
2675826
2676316
2680216
2680593
2684617
2685985
2686433
2689387
2690251
2692168
2693991
2696973
2698171
2698508
2710462
2713977
2718991
2722622
2727555
2730407
2734423
2737955
2741060
2741541
2754132
2756050
2759003
2759283
2760638
2761912
2763131
2765491
2772582
2774893
2774904
2774996
2775471
2775598
2781094
2783777
2783919
2786661
2788195
2789146
2792537
2796166
2798386
2802157
2803346
2804305
2809317
2809879
2812159
2817220
2817857
2822528
2823776
2823881
2826866
2827711
2835399
2837137
2841749
2847264
2849762
2852514
2853064
2854676
2856200
2856992
2859581
2864703
2865867
2868577
2873254
2877139
2881382
2892432
2894298
2900464
2905096
2908092
2911035
2913421
2914935
2921677
2923963
2929135
2929616
2933650
2936459
2937532
2939461
2943080
2944178
2945051
2947713
2951024
2960950
2962785
2965475
2965730
2968206
2981124
2981519
2993558
2995916
3001083
3007624
3011081
3011439
3012999
3020721
3022261
3023344
3024986
3027757
3028632
3031257
3036667
3039558
3039895
3041013
3041290
3041854
3042686
3043667
3047810
3048476
3049508
3055954
3058913
3061321
3062779
3064381
3065472
3068050
3069357
3072931
3075661
3076203
3083014
3083088
3086402
3087840
3087928
3094173
3097158
3097400
3099064
3099599
3100704
3105700
3113649
3113665
3114529
3118929
3120529
3124300
3130687
3131416
3134230
3138262
3139102
3139210
3142577
3143176
3149525
3154302
3159925
3160422
3162464
3163109
3164194
3166881
3168661
3170801
3172956
3173398
3173834
3174679
3174705
3176088
3176239
3176696
3178057
3179318
3180803
3181200
3181347
3182050
3182945
3185251
3185896
3187329
3191219
3192993
3196220
3203126
3204236
3207358
3207510
3209873
3210227
3210528
3211877
3216078
3222946
3230427
3240068
3240606
3243868
3244477
3244861
3253524
3258252
3261616
3263040
3265141
3266182
3268585
3272039
3272419
3274532
3277091
3277964
3278666
3279025
3281970
3282885
3283011
3283699
3288590
3292020
3300608
3301987
3311082
3311686
3315667
3317627
3327087
3332381
3333011
3334181
3336894
3337923
3343556
3344598
3350135
3352106
3352238
3357503
3366048
3366957
3367481
3367749
3368046
3371209
3371617
3373485
3373761
3376199
3384621
3387807
3388296
3389889
3390235
3398552
3406919
3408616
3409308
3413263
3415757
3416460
3418583
3420426
3423843
3424224
3424440
3426756
3431241
3431467
3434019
3434742
3434861
3445695
3448199
3449320
3449819
3449951
3453861
3454837
3456158
3457950
3458103
3458517
3465548
3469921
3474201
3476636
3481098
3484162
3485137
3499829
3500030
3503608
3504106
3507583
3510651
3514394
3515916
3516468
3517831
3521835
3522587
3525134
3528960
3531842
3534475
3542431
3542625
3546634
3546984
3554835
3555089
3556502
3560039
3566315
3568628
3569397
3569851
3571274
3572100
3574015
3574552
3580950
3585637
3589224
3591832
3591844
3591949
3594954
3597185
3599652
3600713
3604606
3608978
3611150
3614978
3621307
3624470
3624520
3626648
3627126
3628872
3631444
3632200
3633174
3637065
3639328
3642712
3643687
3645410
3646936
3648240
3649468
3655472
3664145
3664849
3665419
3666532
3667496
3675093
3678316
3681367
3682783
3686738
3688772
3694184
3695392
3701508
3710019
3710075
3711459
3711598
3720303
3723100
3724855
3726803
3727098
3730124
3730604
3732970
3735973
3737279
3739154
3741994
3744375
3747009
3747121
3750726
3754268
3755928
3758249
3760201
3762653
3763439
3765094
3768103
3771178
3772988
3780576
3784736
3786890
3787888
3788196
3790903
3795235
3795775
3799963
3800948
3806359
3808133
3810047
3812255
3812371
3818979
3820427
3825220
3827038
3830658
3833756
3840259
3841124
3842559
3842709
3845316
3846439
3848586
3851705
3854044
3856994
3862809
3865930
3869567
3869580
3871929
3876160
3876730
3878620
3880046
3882110
3885802
3889350
3889834
3890290
3892779
3894358
3894664
3895417
3896456
3896536
3902606
3904705
3905987
3910392
3914230
3916442
3933158
3936996
3940093
3944997
3949736
3949772
3953457
3956389
3962499
3964064
3965997
3970016
3970282
3976437
3977670
3981664
3983020
3985304
3986867
3988985
3992601
3993023
3994726
3999257
4002558
4002983
4008039
4012640
4013736
4016545
4017276
4018345
4021434
4022547
4028564
4030070
4033221
4035365
4036072
4036585
4037458
4038787
4039989
4040341
4041848
4042223
4042649
4044152
4047550
4048664
4052005
4055924
4061809
4066903
4070205
4072628
4075703
4075930
4079154
4079792
4083591
4087051
4088754
4091240
4092245
4099816
4101111
4104465
4105421
4114658
4118366
4121347
4128360
4132040
4132174
4133293
4133466
4140422
4140847
4140885
4146333
4146656
4149491
4149895
4154466
4155254
4159657
4160424
4167903
4168457
4171939
4176206
4176265
4189565
4190010
4195525
4196895
4197179
4198639
4206003
4206414
4207190
4208379
4208464
4212395
4217043
4218927
4219066
4226602
4226840
4231427
4232806
4234629
4246937
4256304
4257241
4267917
4268131
4269438
4269739
4270459
4272374
4272507
4273594
4274251
4276085
4277186
4277408
4282688
4284145
4284480
4286264
4288917
4289009
4291553
4292432
4295082
4299258
4302441
4303980
4304745
4309134
4309806
4311158
4315966
4318222
4327333
4328271
4328348
4329588
4330159
4331287
4339656
4343027
4350298
4350731
4353309
4360524
4361934
4365439
4370887
4373405
4376938
4380962
4383710
4385401
4388794
4389283
4394160
4396587
4398692
4401512
4403035
4403992
4404328
4410437
4413767
4414997
4419854
4420428
4422001
4422968
4430500
4437445
4438151
4440078
4442047
4442958
4452723
4457776
4458463
4459848
4462938
4469791
4475416
4476198
4480077
4480475
4481092
4481581
4483175
4483334
4485449
4485921
4489176
4490282
4490649
4491311
4493507
4495717
4497077
4498502
4499174
4500948
4503154
4507354
4509155
4510346
4512973
4514069
4519215
4521573
4524888
4526434
4527652
4528156
4529951
4531289
4544046
4546697
4549657
4554962
4556783
4557111
4557271
4558776
4563944
4566341
4568774
4568824
4572737
4575640
4575892
4582270
4583995
4586478
4586650
4587609
4590038
4594040
4598714
4599464
4599609
4606356
4612088
4614664
4616640
4618952
4620375
4622756
4626112
4630727
4633839
4634385
4635661
4638275
4649290
4651179
4651263
4652008
4655284
4657852
4659159
4662958
4667331
4668843
4669149
4680380
4680895
4684299
4690270
4692248
4697575
4703920
4707566
4711184
4711654
4714128
4716909
4726038
4730698
4738986
4739148
4740918
4741056
4741157
4741418
4742871
4743186
4743914
4747663
4751624
4752830
4753067
4753433
4754866
4755301
4757195
4757799
4760854
4762403
4771870
4775488
4777729
4782329
4785724
4788347
4790356
4797925
4799064
4802430
4806416
4808752
4809503
4810641
4813493
4814022
4815557
4817265
4818108
4819548
4820832
4822253
4829803
4831114
4832740
4834057
4835240
4841363
4849086
4849599
4853326
4855287
4862464
4868087
4873828
4875012
4875296
4875372
4878716
4881200
4883075
4885833
4886240
4891854
4894190
4897350
4897607
4898853
4904324
4907357
4907933
4908489
4914107
4917845
4924184
4927934
4929972
4933354
4944023
4945805
4946216
4949848
4952107
4954524
4956301
4958125
4971952
4972060
4973206
4974395
4975102
4976067
4976634
4978127
4980871
4981461
4981938
4983945
4990815
4991193
4993334
4994112
4996799
5004185
5009095
5014305
5015022
5023573
5028145
5035020
5035873
5040510
5040818
5043247
5043765
5045803
5047750
5049620
5054667
5056141
5057664
5058669
5062162
5066571
5068293
5073550
5073995
5079242
5084066
5084478
5085084
5085424
5088361
5092029
5093810
5094284
5099198
5104094
5104643
5110236
5112346
5113166
5116993
5123938
5123956
5130126
5142455
5144919
5145064
5146014
5154313
5159822
5161539
5162411
5162460
5169368
5171079
5173467
5180176
5191747
5193247
5199172
5200807
5202442
5206206
5210412
5212664
5215623
5217350
5220597
5227641
5228011
5231900
5232789
5242172
5249291
5249780
5251959
5252509
5252864
5258795
5259255
5261060
5269219
5269736
5270216
5271695
5273862
5274118
5278722
5280156
5281002
5283670
5285852
5285887
5286022
5289239
5290160
5290840
5291124
5291829
5291837
5297381
5297716
5298550
5299975
5301951
5303588
5304117
5305288
5312877
5317108
5317140
5321233
5325331
5326420
5342040
5342820
5347658
5347940
5353539
5355997
5359810
5361783
5363465
5367734
5367951
5369269
5371298
5386402
5386547
5393270
5393309
5394915
5395819
5397417
5398701
5399991
5401354
5402246
5405232
5406201
5409227
5410641
5420914
5423586
5426288
5426478
5427780
5436786
5436830
5437078
5437570
5438039
5438490
5442539
5443682
5447886
5448090
5449220
5455549
5459070
5461839
5463361
5464550
5466139
5469647
5469685
5478818
5479988
5482419
5483962
5490075
5492390
5492534
5494190
5494334
5495474
5496792
5501184
5506782
5507512
5507929
5510025
5510067
5517930
5520818
5523653
5524140
5525778
5526568
5526973
5532106
5533812
5541054
5543421
5545381
5554554
5555311
5560046
5560674
5563207
5569453
5576797
5585625
5586579
5588032
5590777
5591751
5592568
5600859
5602443
5602530
5606638
5606927
5608451
5610750
5610932
5611463
5611706
5616140
5616290
5625641
5629826
5633081
5634978
5641487
5641946
5642571
5646738
5648226
5650554
5653978
5654800
5655140
5661460
5664000
5666341
5666950
5667493
5673440
5675694
5677940
5680177
5682378
5683687
5687443
5689468
5691803
5695181
5695821
5698602
5700361
5704440
5709413
5710639
5711400
5718624
5720687
5722960
5723147
5728262
5729872
5735727
5736342
5740886
5743172
5752420
5754321
5761629
5762992
5763101
5763650
5769597
5770280
5776310
5776980
5778071
5780137
5783362
5784223
5784877
5785191
5785958
5788073
5790415
5791523
5793676
5795049
5795367
5797357
5799188
5803415
5806160
5810048
5812987
5813357
5819140
5820618
5821411
5823480
5824036
5829300
5829668
5833265
5841297
5843351
5843822
5846605
5848489
5853939
5856561
5856666
5860523
5860600
5860977
5863547
5866356
5867281
5869457
5869502
5870917
5872824
5876482
5876502
5882225
5884494
5885661
5893239
5896876
5899534
5907107
5912921
5913671
5915691
5917197
5924461
5925438
5925623
5930112
5939225
5940666
5940750
5947410
5952234
5953204
5953765
5957467
5962760
5963181
5964272
5967612
5968539
5975334
5975448
5978602
5978928
5980921
5983188
5984268
5993405
5998851
6000987
6001380
6001816
6004143
6008042
6009322
6009721
6012168
6012269
6016408
6017623
6020179
6022526
6023395
6025068
